(kicad_pcb (version 20171130) (host pcbnew 5.1.6-c6e7f7d~87~ubuntu16.04.1)

  (general
    (thickness 1.6)
    (drawings 0)
    (tracks 0)
    (zones 0)
    (modules 171)
    (nets 252)
  )

  (page A4)
  (layers
    (0 F.Cu signal)
    (31 B.Cu signal)
    (32 B.Adhes user)
    (33 F.Adhes user)
    (34 B.Paste user)
    (35 F.Paste user)
    (36 B.SilkS user)
    (37 F.SilkS user)
    (38 B.Mask user)
    (39 F.Mask user)
    (40 Dwgs.User user)
    (41 Cmts.User user)
    (42 Eco1.User user)
    (43 Eco2.User user)
    (44 Edge.Cuts user)
    (45 Margin user)
    (46 B.CrtYd user)
    (47 F.CrtYd user)
    (48 B.Fab user)
    (49 F.Fab user)
  )

  (setup
    (last_trace_width 0.25)
    (trace_clearance 0.2)
    (zone_clearance 0.508)
    (zone_45_only no)
    (trace_min 0.2)
    (via_size 0.8)
    (via_drill 0.4)
    (via_min_size 0.4)
    (via_min_drill 0.3)
    (uvia_size 0.3)
    (uvia_drill 0.1)
    (uvias_allowed no)
    (uvia_min_size 0.2)
    (uvia_min_drill 0.1)
    (edge_width 0.05)
    (segment_width 0.2)
    (pcb_text_width 0.3)
    (pcb_text_size 1.5 1.5)
    (mod_edge_width 0.12)
    (mod_text_size 1 1)
    (mod_text_width 0.15)
    (pad_size 1.524 1.524)
    (pad_drill 0.762)
    (pad_to_mask_clearance 0.05)
    (aux_axis_origin 0 0)
    (visible_elements FFFFFF7F)
    (pcbplotparams
      (layerselection 0x010fc_ffffffff)
      (usegerberextensions false)
      (usegerberattributes true)
      (usegerberadvancedattributes true)
      (creategerberjobfile true)
      (excludeedgelayer true)
      (linewidth 0.100000)
      (plotframeref false)
      (viasonmask false)
      (mode 1)
      (useauxorigin false)
      (hpglpennumber 1)
      (hpglpenspeed 20)
      (hpglpendiameter 15.000000)
      (psnegative false)
      (psa4output false)
      (plotreference true)
      (plotvalue true)
      (plotinvisibletext false)
      (padsonsilk false)
      (subtractmaskfromsilk false)
      (outputformat 1)
      (mirror false)
      (drillshape 1)
      (scaleselection 1)
      (outputdirectory ""))
  )

  (net 0 "")
  (net 1 +BATT)
  (net 2 GND)
  (net 3 "Net-(C102-Pad1)")
  (net 4 /~RESET)
  (net 5 /PH0-OSC_IN)
  (net 6 /PH1-OSC_OUT)
  (net 7 "Net-(C106-Pad1)")
  (net 8 +3V3)
  (net 9 /PC15-OSC32_OUT)
  (net 10 /PC14-OSC32_IN)
  (net 11 "Net-(C116-Pad1)")
  (net 12 "Net-(C117-Pad1)")
  (net 13 "Net-(C118-Pad1)")
  (net 14 "Net-(C119-Pad1)")
  (net 15 "Net-(C124-Pad2)")
  (net 16 "Net-(C125-Pad2)")
  (net 17 +12V)
  (net 18 /VBUS3)
  (net 19 /DBG_RST)
  (net 20 "Net-(C131-Pad1)")
  (net 21 "Net-(C131-Pad2)")
  (net 22 +5V)
  (net 23 "Net-(C148-Pad2)")
  (net 24 "Net-(C148-Pad1)")
  (net 25 "Net-(C154-Pad1)")
  (net 26 "Net-(C154-Pad2)")
  (net 27 /VBUS1)
  (net 28 /VBUS2)
  (net 29 "Net-(D103-Pad2)")
  (net 30 "Net-(D104-Pad1)")
  (net 31 "Net-(D105-Pad1)")
  (net 32 /LED_USR1)
  (net 33 /RS485_A1)
  (net 34 /RS485_B1)
  (net 35 /RS485_B2)
  (net 36 /RS485_A2)
  (net 37 /RS485_B3)
  (net 38 /RS485_A3)
  (net 39 /MVB485_A1)
  (net 40 /MVB485_B1)
  (net 41 /MVB485_B2)
  (net 42 /MVB485_A2)
  (net 43 "Net-(D111-Pad1)")
  (net 44 "Net-(D112-Pad1)")
  (net 45 "Net-(D113-Pad1)")
  (net 46 /LED_USR2)
  (net 47 "Net-(D114-Pad1)")
  (net 48 /LED_uP_TM)
  (net 49 "Net-(D115-Pad1)")
  (net 50 /LED_MVB_TM)
  (net 51 /LED_ETHERNET)
  (net 52 "Net-(D116-Pad1)")
  (net 53 /LED_SD)
  (net 54 "Net-(D117-Pad1)")
  (net 55 /LED_UART7)
  (net 56 "Net-(D118-Pad1)")
  (net 57 /LED_UART4)
  (net 58 "Net-(D119-Pad1)")
  (net 59 "Net-(D120-Pad1)")
  (net 60 /LED_USART6)
  (net 61 "Net-(IC101-Pad5)")
  (net 62 "Net-(IC101-Pad7)")
  (net 63 "Net-(IC101-Pad8)")
  (net 64 /U2_TX)
  (net 65 /U2_RX)
  (net 66 /UART7_TX)
  (net 67 /UART4_TX)
  (net 68 /UART7_DE)
  (net 69 /UART4_DE)
  (net 70 /UART7_RX)
  (net 71 /UART4_RX)
  (net 72 /GPIO_OUT5)
  (net 73 /GPIO_OUT6)
  (net 74 /GPIO_OUT3)
  (net 75 /GPIO_OUT4)
  (net 76 /GPIO_OUT1)
  (net 77 /GPIO_OUT2)
  (net 78 /TMR1)
  (net 79 /TMR2)
  (net 80 /INT2_EXT_MVB)
  (net 81 /INT3_EXT_MVB)
  (net 82 /INT0_EXT_MVB)
  (net 83 /INT1_EXT_MVB)
  (net 84 /TD+)
  (net 85 /TD-)
  (net 86 /RD+)
  (net 87 /RD-)
  (net 88 "Net-(J106-PadR7)")
  (net 89 "Net-(J106-PadL1)")
  (net 90 /MVB485_ENA)
  (net 91 /MVB485_OUT)
  (net 92 /MVB485_ICA)
  (net 93 /MVB485_ICB)
  (net 94 /GPIO_IN5)
  (net 95 /GPIO_IN6)
  (net 96 /GPIO_IN3)
  (net 97 /GPIO_IN4)
  (net 98 /GPIO_IN1)
  (net 99 /GPIO_IN2)
  (net 100 /GPIO_ANALOG2)
  (net 101 "Net-(J108-Pad3)")
  (net 102 /GPIO_ANALOG1)
  (net 103 /GPIO_ANALOG3)
  (net 104 /C_USBD_D+)
  (net 105 /C_USBD_D-)
  (net 106 /C_USB_SER_D-)
  (net 107 /C_USB_SER_D+)
  (net 108 /C_USBH_D-)
  (net 109 /C_USBH_D+)
  (net 110 /BOOT0_B)
  (net 111 /SWDIO_B)
  (net 112 /SWCLK_B)
  (net 113 /SWDIO)
  (net 114 /SWCLK)
  (net 115 /SDMMC_D1)
  (net 116 /SDMMC_D0)
  (net 117 /SDMMC_CLK)
  (net 118 /SDMMC_CMD)
  (net 119 /SDMMC_D3)
  (net 120 /SDMMC_D2)
  (net 121 "Net-(J118-Pad3)")
  (net 122 "Net-(J118-Pad6)")
  (net 123 "Net-(J119-Pad3)")
  (net 124 "Net-(J119-Pad8)")
  (net 125 /JTAG_MVB_TRST)
  (net 126 /JTAG_MVB_TDI)
  (net 127 /JTAG_MVB_TMS)
  (net 128 /JTAG_MVB_TDO)
  (net 129 /JTAG_MVB_TCK)
  (net 130 /~BOOT)
  (net 131 /ENET_MDIO)
  (net 132 /ENET_MDC)
  (net 133 "Net-(R106-Pad1)")
  (net 134 /ETH_LED)
  (net 135 /USER_SWITCH1)
  (net 136 /ERR_USB)
  (net 137 /USER_SWITCH2)
  (net 138 "Net-(R152-Pad2)")
  (net 139 /RESET_MVB)
  (net 140 /DIR)
  (net 141 /MD0-u)
  (net 142 /MD1-u)
  (net 143 /MD2-u)
  (net 144 /MD3-u)
  (net 145 /MD4-u)
  (net 146 /MD5-u)
  (net 147 /MD6-u)
  (net 148 /MD7-u)
  (net 149 /MD8-u)
  (net 150 /MD9-u)
  (net 151 /MD10-u)
  (net 152 /MD11-u)
  (net 153 /MD12-u)
  (net 154 /MD13-u)
  (net 155 /MD14-u)
  (net 156 /MD15-u)
  (net 157 /OE-D_EN)
  (net 158 /MD15-MVB)
  (net 159 /MD14-MVB)
  (net 160 /MD13-MVB)
  (net 161 /MD12-MVB)
  (net 162 /MD11-MVB)
  (net 163 /MD10-MVB)
  (net 164 /MD9-MVB)
  (net 165 /MD8-MVB)
  (net 166 /MD7-MVB)
  (net 167 /MD6-MVB)
  (net 168 /MD5-MVB)
  (net 169 /MD4-MVB)
  (net 170 /MD3-MVB)
  (net 171 /MD2-MVB)
  (net 172 /MD1-MVB)
  (net 173 /MD0-MVB)
  (net 174 /OE-A_EN)
  (net 175 /MA1-MVB)
  (net 176 /MA2-MVB)
  (net 177 /MA3-MVB)
  (net 178 /MA4-MVB)
  (net 179 /MA5-MVB)
  (net 180 /MA6-MVB)
  (net 181 /MA7-MVB)
  (net 182 /MA8-MVB)
  (net 183 /MA9-MVB)
  (net 184 /MA10-MVB)
  (net 185 /MA11-MVB)
  (net 186 /MA12-MVB)
  (net 187 /MA13-MVB)
  (net 188 /MA14-MVB)
  (net 189 /MA15-MVB)
  (net 190 /MA16-MVB)
  (net 191 /MA17-MVB)
  (net 192 /MA18-MVB)
  (net 193 /MA19-MVB)
  (net 194 "Net-(U103-Pad27)")
  (net 195 "Net-(U103-Pad30)")
  (net 196 /MA19-u)
  (net 197 /MA18-u)
  (net 198 /MA17-u)
  (net 199 /MA16-u)
  (net 200 /MA15-u)
  (net 201 /MA14-u)
  (net 202 /MA13-u)
  (net 203 /MA12-u)
  (net 204 /MA11-u)
  (net 205 /MA10-u)
  (net 206 /MA9-u)
  (net 207 /MA8-u)
  (net 208 /MA7-u)
  (net 209 /MA6-u)
  (net 210 /MA5-u)
  (net 211 /MA4-u)
  (net 212 /MA3-u)
  (net 213 /MA2-u)
  (net 214 /MA1-u)
  (net 215 /STROBE_MVB)
  (net 216 /INT0_MVB)
  (net 217 /INT1_MVB)
  (net 218 /RDY-MVB)
  (net 219 /RD-MVB)
  (net 220 /WR-MVB)
  (net 221 /TM_REQ_CPU-MVB)
  (net 222 /SCAN_EN_MVB)
  (net 223 /Z-MODE_MVB)
  (net 224 /TMRDN)
  (net 225 /TMWRN)
  (net 226 /TMCSN)
  (net 227 /DATA_ACK_MVB)
  (net 228 /SCAN_TEST_MVB)
  (net 229 /CLK_MVB)
  (net 230 /ENET_RXD1)
  (net 231 /ENET_RXD0)
  (net 232 /ENET_CRS_DV)
  (net 233 /ENET_REF_CLK)
  (net 234 "Net-(U105-Pad17)")
  (net 235 "Net-(U105-Pad18)")
  (net 236 /ENET_TXEN)
  (net 237 /ENET_TXD0)
  (net 238 /ENET_TXD1)
  (net 239 /USB_OTG_HS_DM)
  (net 240 /USB_OTG_HS_DP)
  (net 241 /USB_OTG_FS_DP)
  (net 242 /USB_OTG_FS_DM)
  (net 243 /USB_SER_D+)
  (net 244 /USB_SER_D-)
  (net 245 /ENABLE_USB)
  (net 246 "Net-(U112-Pad2)")
  (net 247 "Net-(U112-Pad3)")
  (net 248 "Net-(U112-Pad11)")
  (net 249 "Net-(U112-Pad12)")
  (net 250 "Net-(U112-Pad13)")
  (net 251 "Net-(U112-Pad14)")

  (net_class Default "This is the default net class."
    (clearance 0.2)
    (trace_width 0.25)
    (via_dia 0.8)
    (via_drill 0.4)
    (uvia_dia 0.3)
    (uvia_drill 0.1)
    (add_net +12V)
    (add_net +3V3)
    (add_net +5V)
    (add_net +BATT)
    (add_net /BOOT0_B)
    (add_net /CLK_MVB)
    (add_net /C_USBD_D+)
    (add_net /C_USBD_D-)
    (add_net /C_USBH_D+)
    (add_net /C_USBH_D-)
    (add_net /C_USB_SER_D+)
    (add_net /C_USB_SER_D-)
    (add_net /DATA_ACK_MVB)
    (add_net /DBG_RST)
    (add_net /DIR)
    (add_net /ENABLE_USB)
    (add_net /ENET_CRS_DV)
    (add_net /ENET_MDC)
    (add_net /ENET_MDIO)
    (add_net /ENET_REF_CLK)
    (add_net /ENET_RXD0)
    (add_net /ENET_RXD1)
    (add_net /ENET_TXD0)
    (add_net /ENET_TXD1)
    (add_net /ENET_TXEN)
    (add_net /ERR_USB)
    (add_net /ETH_LED)
    (add_net /GPIO_ANALOG1)
    (add_net /GPIO_ANALOG2)
    (add_net /GPIO_ANALOG3)
    (add_net /GPIO_IN1)
    (add_net /GPIO_IN2)
    (add_net /GPIO_IN3)
    (add_net /GPIO_IN4)
    (add_net /GPIO_IN5)
    (add_net /GPIO_IN6)
    (add_net /GPIO_OUT1)
    (add_net /GPIO_OUT2)
    (add_net /GPIO_OUT3)
    (add_net /GPIO_OUT4)
    (add_net /GPIO_OUT5)
    (add_net /GPIO_OUT6)
    (add_net /INT0_EXT_MVB)
    (add_net /INT0_MVB)
    (add_net /INT1_EXT_MVB)
    (add_net /INT1_MVB)
    (add_net /INT2_EXT_MVB)
    (add_net /INT3_EXT_MVB)
    (add_net /JTAG_MVB_TCK)
    (add_net /JTAG_MVB_TDI)
    (add_net /JTAG_MVB_TDO)
    (add_net /JTAG_MVB_TMS)
    (add_net /JTAG_MVB_TRST)
    (add_net /LED_ETHERNET)
    (add_net /LED_MVB_TM)
    (add_net /LED_SD)
    (add_net /LED_UART4)
    (add_net /LED_UART7)
    (add_net /LED_USART6)
    (add_net /LED_USR1)
    (add_net /LED_USR2)
    (add_net /LED_uP_TM)
    (add_net /MA1-MVB)
    (add_net /MA1-u)
    (add_net /MA10-MVB)
    (add_net /MA10-u)
    (add_net /MA11-MVB)
    (add_net /MA11-u)
    (add_net /MA12-MVB)
    (add_net /MA12-u)
    (add_net /MA13-MVB)
    (add_net /MA13-u)
    (add_net /MA14-MVB)
    (add_net /MA14-u)
    (add_net /MA15-MVB)
    (add_net /MA15-u)
    (add_net /MA16-MVB)
    (add_net /MA16-u)
    (add_net /MA17-MVB)
    (add_net /MA17-u)
    (add_net /MA18-MVB)
    (add_net /MA18-u)
    (add_net /MA19-MVB)
    (add_net /MA19-u)
    (add_net /MA2-MVB)
    (add_net /MA2-u)
    (add_net /MA3-MVB)
    (add_net /MA3-u)
    (add_net /MA4-MVB)
    (add_net /MA4-u)
    (add_net /MA5-MVB)
    (add_net /MA5-u)
    (add_net /MA6-MVB)
    (add_net /MA6-u)
    (add_net /MA7-MVB)
    (add_net /MA7-u)
    (add_net /MA8-MVB)
    (add_net /MA8-u)
    (add_net /MA9-MVB)
    (add_net /MA9-u)
    (add_net /MD0-MVB)
    (add_net /MD0-u)
    (add_net /MD1-MVB)
    (add_net /MD1-u)
    (add_net /MD10-MVB)
    (add_net /MD10-u)
    (add_net /MD11-MVB)
    (add_net /MD11-u)
    (add_net /MD12-MVB)
    (add_net /MD12-u)
    (add_net /MD13-MVB)
    (add_net /MD13-u)
    (add_net /MD14-MVB)
    (add_net /MD14-u)
    (add_net /MD15-MVB)
    (add_net /MD15-u)
    (add_net /MD2-MVB)
    (add_net /MD2-u)
    (add_net /MD3-MVB)
    (add_net /MD3-u)
    (add_net /MD4-MVB)
    (add_net /MD4-u)
    (add_net /MD5-MVB)
    (add_net /MD5-u)
    (add_net /MD6-MVB)
    (add_net /MD6-u)
    (add_net /MD7-MVB)
    (add_net /MD7-u)
    (add_net /MD8-MVB)
    (add_net /MD8-u)
    (add_net /MD9-MVB)
    (add_net /MD9-u)
    (add_net /MVB485_A1)
    (add_net /MVB485_A2)
    (add_net /MVB485_B1)
    (add_net /MVB485_B2)
    (add_net /MVB485_ENA)
    (add_net /MVB485_ICA)
    (add_net /MVB485_ICB)
    (add_net /MVB485_OUT)
    (add_net /OE-A_EN)
    (add_net /OE-D_EN)
    (add_net /PC14-OSC32_IN)
    (add_net /PC15-OSC32_OUT)
    (add_net /PH0-OSC_IN)
    (add_net /PH1-OSC_OUT)
    (add_net /RD+)
    (add_net /RD-)
    (add_net /RD-MVB)
    (add_net /RDY-MVB)
    (add_net /RESET_MVB)
    (add_net /RS485_A1)
    (add_net /RS485_A2)
    (add_net /RS485_A3)
    (add_net /RS485_B1)
    (add_net /RS485_B2)
    (add_net /RS485_B3)
    (add_net /SCAN_EN_MVB)
    (add_net /SCAN_TEST_MVB)
    (add_net /SDMMC_CLK)
    (add_net /SDMMC_CMD)
    (add_net /SDMMC_D0)
    (add_net /SDMMC_D1)
    (add_net /SDMMC_D2)
    (add_net /SDMMC_D3)
    (add_net /STROBE_MVB)
    (add_net /SWCLK)
    (add_net /SWCLK_B)
    (add_net /SWDIO)
    (add_net /SWDIO_B)
    (add_net /TD+)
    (add_net /TD-)
    (add_net /TMCSN)
    (add_net /TMR1)
    (add_net /TMR2)
    (add_net /TMRDN)
    (add_net /TMWRN)
    (add_net /TM_REQ_CPU-MVB)
    (add_net /U2_RX)
    (add_net /U2_TX)
    (add_net /UART4_DE)
    (add_net /UART4_RX)
    (add_net /UART4_TX)
    (add_net /UART7_DE)
    (add_net /UART7_RX)
    (add_net /UART7_TX)
    (add_net /USB_OTG_FS_DM)
    (add_net /USB_OTG_FS_DP)
    (add_net /USB_OTG_HS_DM)
    (add_net /USB_OTG_HS_DP)
    (add_net /USB_SER_D+)
    (add_net /USB_SER_D-)
    (add_net /USER_SWITCH1)
    (add_net /USER_SWITCH2)
    (add_net /VBUS1)
    (add_net /VBUS2)
    (add_net /VBUS3)
    (add_net /WR-MVB)
    (add_net /Z-MODE_MVB)
    (add_net /~BOOT)
    (add_net /~RESET)
    (add_net GND)
    (add_net "Net-(C102-Pad1)")
    (add_net "Net-(C106-Pad1)")
    (add_net "Net-(C116-Pad1)")
    (add_net "Net-(C117-Pad1)")
    (add_net "Net-(C118-Pad1)")
    (add_net "Net-(C119-Pad1)")
    (add_net "Net-(C124-Pad2)")
    (add_net "Net-(C125-Pad2)")
    (add_net "Net-(C131-Pad1)")
    (add_net "Net-(C131-Pad2)")
    (add_net "Net-(C148-Pad1)")
    (add_net "Net-(C148-Pad2)")
    (add_net "Net-(C154-Pad1)")
    (add_net "Net-(C154-Pad2)")
    (add_net "Net-(D103-Pad2)")
    (add_net "Net-(D104-Pad1)")
    (add_net "Net-(D105-Pad1)")
    (add_net "Net-(D111-Pad1)")
    (add_net "Net-(D112-Pad1)")
    (add_net "Net-(D113-Pad1)")
    (add_net "Net-(D114-Pad1)")
    (add_net "Net-(D115-Pad1)")
    (add_net "Net-(D116-Pad1)")
    (add_net "Net-(D117-Pad1)")
    (add_net "Net-(D118-Pad1)")
    (add_net "Net-(D119-Pad1)")
    (add_net "Net-(D120-Pad1)")
    (add_net "Net-(IC101-Pad5)")
    (add_net "Net-(IC101-Pad7)")
    (add_net "Net-(IC101-Pad8)")
    (add_net "Net-(J106-PadL1)")
    (add_net "Net-(J106-PadR7)")
    (add_net "Net-(J108-Pad3)")
    (add_net "Net-(J118-Pad3)")
    (add_net "Net-(J118-Pad6)")
    (add_net "Net-(J119-Pad3)")
    (add_net "Net-(J119-Pad8)")
    (add_net "Net-(R106-Pad1)")
    (add_net "Net-(R152-Pad2)")
    (add_net "Net-(U103-Pad27)")
    (add_net "Net-(U103-Pad30)")
    (add_net "Net-(U105-Pad17)")
    (add_net "Net-(U105-Pad18)")
    (add_net "Net-(U112-Pad11)")
    (add_net "Net-(U112-Pad12)")
    (add_net "Net-(U112-Pad13)")
    (add_net "Net-(U112-Pad14)")
    (add_net "Net-(U112-Pad2)")
    (add_net "Net-(U112-Pad3)")
  )

  (module Capacitor_SMD:C_0805_2012Metric (layer F.Cu) (tedit 5B36C52B) (tstamp 5F1BE825)
    (at 181.915001 96.565001)
    (descr "Capacitor SMD 0805 (2012 Metric), square (rectangular) end terminal, IPC_7351 nominal, (Body size source: https://docs.google.com/spreadsheets/d/1BsfQQcO9C6DZCsRaXUlFlo91Tg2WpOkGARC1WS5S8t0/edit?usp=sharing), generated with kicad-footprint-generator")
    (tags capacitor)
    (path /5DA64833)
    (attr smd)
    (fp_text reference C101 (at 0 -1.65) (layer F.SilkS)
      (effects (font (size 1 1) (thickness 0.15)))
    )
    (fp_text value 0.1u (at 0 1.65) (layer F.Fab)
      (effects (font (size 1 1) (thickness 0.15)))
    )
    (fp_line (start 1.68 0.95) (end -1.68 0.95) (layer F.CrtYd) (width 0.05))
    (fp_line (start 1.68 -0.95) (end 1.68 0.95) (layer F.CrtYd) (width 0.05))
    (fp_line (start -1.68 -0.95) (end 1.68 -0.95) (layer F.CrtYd) (width 0.05))
    (fp_line (start -1.68 0.95) (end -1.68 -0.95) (layer F.CrtYd) (width 0.05))
    (fp_line (start -0.258578 0.71) (end 0.258578 0.71) (layer F.SilkS) (width 0.12))
    (fp_line (start -0.258578 -0.71) (end 0.258578 -0.71) (layer F.SilkS) (width 0.12))
    (fp_line (start 1 0.6) (end -1 0.6) (layer F.Fab) (width 0.1))
    (fp_line (start 1 -0.6) (end 1 0.6) (layer F.Fab) (width 0.1))
    (fp_line (start -1 -0.6) (end 1 -0.6) (layer F.Fab) (width 0.1))
    (fp_line (start -1 0.6) (end -1 -0.6) (layer F.Fab) (width 0.1))
    (fp_text user %R (at 0 0) (layer F.Fab)
      (effects (font (size 0.5 0.5) (thickness 0.08)))
    )
    (pad 1 smd roundrect (at -0.9375 0) (size 0.975 1.4) (layers F.Cu F.Paste F.Mask) (roundrect_rratio 0.25)
      (net 1 +BATT))
    (pad 2 smd roundrect (at 0.9375 0) (size 0.975 1.4) (layers F.Cu F.Paste F.Mask) (roundrect_rratio 0.25)
      (net 2 GND))
    (model ${KISYS3DMOD}/Capacitor_SMD.3dshapes/C_0805_2012Metric.wrl
      (at (xyz 0 0 0))
      (scale (xyz 1 1 1))
      (rotate (xyz 0 0 0))
    )
  )

  (module Capacitor_SMD:C_0805_2012Metric (layer F.Cu) (tedit 5B36C52B) (tstamp 5F1BE836)
    (at 212.425001 65.075001)
    (descr "Capacitor SMD 0805 (2012 Metric), square (rectangular) end terminal, IPC_7351 nominal, (Body size source: https://docs.google.com/spreadsheets/d/1BsfQQcO9C6DZCsRaXUlFlo91Tg2WpOkGARC1WS5S8t0/edit?usp=sharing), generated with kicad-footprint-generator")
    (tags capacitor)
    (path /5E3428DE)
    (attr smd)
    (fp_text reference C102 (at 0 -1.65) (layer F.SilkS)
      (effects (font (size 1 1) (thickness 0.15)))
    )
    (fp_text value 0.1u (at 0 1.65) (layer F.Fab)
      (effects (font (size 1 1) (thickness 0.15)))
    )
    (fp_line (start 1.68 0.95) (end -1.68 0.95) (layer F.CrtYd) (width 0.05))
    (fp_line (start 1.68 -0.95) (end 1.68 0.95) (layer F.CrtYd) (width 0.05))
    (fp_line (start -1.68 -0.95) (end 1.68 -0.95) (layer F.CrtYd) (width 0.05))
    (fp_line (start -1.68 0.95) (end -1.68 -0.95) (layer F.CrtYd) (width 0.05))
    (fp_line (start -0.258578 0.71) (end 0.258578 0.71) (layer F.SilkS) (width 0.12))
    (fp_line (start -0.258578 -0.71) (end 0.258578 -0.71) (layer F.SilkS) (width 0.12))
    (fp_line (start 1 0.6) (end -1 0.6) (layer F.Fab) (width 0.1))
    (fp_line (start 1 -0.6) (end 1 0.6) (layer F.Fab) (width 0.1))
    (fp_line (start -1 -0.6) (end 1 -0.6) (layer F.Fab) (width 0.1))
    (fp_line (start -1 0.6) (end -1 -0.6) (layer F.Fab) (width 0.1))
    (fp_text user %R (at 0 0) (layer F.Fab)
      (effects (font (size 0.5 0.5) (thickness 0.08)))
    )
    (pad 1 smd roundrect (at -0.9375 0) (size 0.975 1.4) (layers F.Cu F.Paste F.Mask) (roundrect_rratio 0.25)
      (net 3 "Net-(C102-Pad1)"))
    (pad 2 smd roundrect (at 0.9375 0) (size 0.975 1.4) (layers F.Cu F.Paste F.Mask) (roundrect_rratio 0.25)
      (net 2 GND))
    (model ${KISYS3DMOD}/Capacitor_SMD.3dshapes/C_0805_2012Metric.wrl
      (at (xyz 0 0 0))
      (scale (xyz 1 1 1))
      (rotate (xyz 0 0 0))
    )
  )

  (module Capacitor_SMD:C_0805_2012Metric (layer F.Cu) (tedit 5B36C52B) (tstamp 5F1BE847)
    (at 166.625001 109.425001)
    (descr "Capacitor SMD 0805 (2012 Metric), square (rectangular) end terminal, IPC_7351 nominal, (Body size source: https://docs.google.com/spreadsheets/d/1BsfQQcO9C6DZCsRaXUlFlo91Tg2WpOkGARC1WS5S8t0/edit?usp=sharing), generated with kicad-footprint-generator")
    (tags capacitor)
    (path /5E3428E1)
    (attr smd)
    (fp_text reference C103 (at 0 -1.65) (layer F.SilkS)
      (effects (font (size 1 1) (thickness 0.15)))
    )
    (fp_text value 0.1u (at 0 1.65) (layer F.Fab)
      (effects (font (size 1 1) (thickness 0.15)))
    )
    (fp_text user %R (at 0 0) (layer F.Fab)
      (effects (font (size 0.5 0.5) (thickness 0.08)))
    )
    (fp_line (start -1 0.6) (end -1 -0.6) (layer F.Fab) (width 0.1))
    (fp_line (start -1 -0.6) (end 1 -0.6) (layer F.Fab) (width 0.1))
    (fp_line (start 1 -0.6) (end 1 0.6) (layer F.Fab) (width 0.1))
    (fp_line (start 1 0.6) (end -1 0.6) (layer F.Fab) (width 0.1))
    (fp_line (start -0.258578 -0.71) (end 0.258578 -0.71) (layer F.SilkS) (width 0.12))
    (fp_line (start -0.258578 0.71) (end 0.258578 0.71) (layer F.SilkS) (width 0.12))
    (fp_line (start -1.68 0.95) (end -1.68 -0.95) (layer F.CrtYd) (width 0.05))
    (fp_line (start -1.68 -0.95) (end 1.68 -0.95) (layer F.CrtYd) (width 0.05))
    (fp_line (start 1.68 -0.95) (end 1.68 0.95) (layer F.CrtYd) (width 0.05))
    (fp_line (start 1.68 0.95) (end -1.68 0.95) (layer F.CrtYd) (width 0.05))
    (pad 2 smd roundrect (at 0.9375 0) (size 0.975 1.4) (layers F.Cu F.Paste F.Mask) (roundrect_rratio 0.25)
      (net 2 GND))
    (pad 1 smd roundrect (at -0.9375 0) (size 0.975 1.4) (layers F.Cu F.Paste F.Mask) (roundrect_rratio 0.25)
      (net 4 /~RESET))
    (model ${KISYS3DMOD}/Capacitor_SMD.3dshapes/C_0805_2012Metric.wrl
      (at (xyz 0 0 0))
      (scale (xyz 1 1 1))
      (rotate (xyz 0 0 0))
    )
  )

  (module Capacitor_SMD:C_0805_2012Metric (layer F.Cu) (tedit 5B36C52B) (tstamp 5F1BE858)
    (at 186.805001 84.425001)
    (descr "Capacitor SMD 0805 (2012 Metric), square (rectangular) end terminal, IPC_7351 nominal, (Body size source: https://docs.google.com/spreadsheets/d/1BsfQQcO9C6DZCsRaXUlFlo91Tg2WpOkGARC1WS5S8t0/edit?usp=sharing), generated with kicad-footprint-generator")
    (tags capacitor)
    (path /5DA6489D)
    (attr smd)
    (fp_text reference C104 (at 0 -1.65) (layer F.SilkS)
      (effects (font (size 1 1) (thickness 0.15)))
    )
    (fp_text value 18p (at 0 1.65) (layer F.Fab)
      (effects (font (size 1 1) (thickness 0.15)))
    )
    (fp_line (start 1.68 0.95) (end -1.68 0.95) (layer F.CrtYd) (width 0.05))
    (fp_line (start 1.68 -0.95) (end 1.68 0.95) (layer F.CrtYd) (width 0.05))
    (fp_line (start -1.68 -0.95) (end 1.68 -0.95) (layer F.CrtYd) (width 0.05))
    (fp_line (start -1.68 0.95) (end -1.68 -0.95) (layer F.CrtYd) (width 0.05))
    (fp_line (start -0.258578 0.71) (end 0.258578 0.71) (layer F.SilkS) (width 0.12))
    (fp_line (start -0.258578 -0.71) (end 0.258578 -0.71) (layer F.SilkS) (width 0.12))
    (fp_line (start 1 0.6) (end -1 0.6) (layer F.Fab) (width 0.1))
    (fp_line (start 1 -0.6) (end 1 0.6) (layer F.Fab) (width 0.1))
    (fp_line (start -1 -0.6) (end 1 -0.6) (layer F.Fab) (width 0.1))
    (fp_line (start -1 0.6) (end -1 -0.6) (layer F.Fab) (width 0.1))
    (fp_text user %R (at 0 0) (layer F.Fab)
      (effects (font (size 0.5 0.5) (thickness 0.08)))
    )
    (pad 1 smd roundrect (at -0.9375 0) (size 0.975 1.4) (layers F.Cu F.Paste F.Mask) (roundrect_rratio 0.25)
      (net 5 /PH0-OSC_IN))
    (pad 2 smd roundrect (at 0.9375 0) (size 0.975 1.4) (layers F.Cu F.Paste F.Mask) (roundrect_rratio 0.25)
      (net 2 GND))
    (model ${KISYS3DMOD}/Capacitor_SMD.3dshapes/C_0805_2012Metric.wrl
      (at (xyz 0 0 0))
      (scale (xyz 1 1 1))
      (rotate (xyz 0 0 0))
    )
  )

  (module Capacitor_SMD:C_0805_2012Metric (layer F.Cu) (tedit 5B36C52B) (tstamp 5F1BE869)
    (at 203.665001 72.025001)
    (descr "Capacitor SMD 0805 (2012 Metric), square (rectangular) end terminal, IPC_7351 nominal, (Body size source: https://docs.google.com/spreadsheets/d/1BsfQQcO9C6DZCsRaXUlFlo91Tg2WpOkGARC1WS5S8t0/edit?usp=sharing), generated with kicad-footprint-generator")
    (tags capacitor)
    (path /5DA64895)
    (attr smd)
    (fp_text reference C105 (at 0 -1.65) (layer F.SilkS)
      (effects (font (size 1 1) (thickness 0.15)))
    )
    (fp_text value 18p (at 0 1.65) (layer F.Fab)
      (effects (font (size 1 1) (thickness 0.15)))
    )
    (fp_text user %R (at 0 0) (layer F.Fab)
      (effects (font (size 0.5 0.5) (thickness 0.08)))
    )
    (fp_line (start -1 0.6) (end -1 -0.6) (layer F.Fab) (width 0.1))
    (fp_line (start -1 -0.6) (end 1 -0.6) (layer F.Fab) (width 0.1))
    (fp_line (start 1 -0.6) (end 1 0.6) (layer F.Fab) (width 0.1))
    (fp_line (start 1 0.6) (end -1 0.6) (layer F.Fab) (width 0.1))
    (fp_line (start -0.258578 -0.71) (end 0.258578 -0.71) (layer F.SilkS) (width 0.12))
    (fp_line (start -0.258578 0.71) (end 0.258578 0.71) (layer F.SilkS) (width 0.12))
    (fp_line (start -1.68 0.95) (end -1.68 -0.95) (layer F.CrtYd) (width 0.05))
    (fp_line (start -1.68 -0.95) (end 1.68 -0.95) (layer F.CrtYd) (width 0.05))
    (fp_line (start 1.68 -0.95) (end 1.68 0.95) (layer F.CrtYd) (width 0.05))
    (fp_line (start 1.68 0.95) (end -1.68 0.95) (layer F.CrtYd) (width 0.05))
    (pad 2 smd roundrect (at 0.9375 0) (size 0.975 1.4) (layers F.Cu F.Paste F.Mask) (roundrect_rratio 0.25)
      (net 2 GND))
    (pad 1 smd roundrect (at -0.9375 0) (size 0.975 1.4) (layers F.Cu F.Paste F.Mask) (roundrect_rratio 0.25)
      (net 6 /PH1-OSC_OUT))
    (model ${KISYS3DMOD}/Capacitor_SMD.3dshapes/C_0805_2012Metric.wrl
      (at (xyz 0 0 0))
      (scale (xyz 1 1 1))
      (rotate (xyz 0 0 0))
    )
  )

  (module Capacitor_SMD:C_0805_2012Metric (layer F.Cu) (tedit 5B36C52B) (tstamp 5F1BE87A)
    (at 147.595001 126.625001)
    (descr "Capacitor SMD 0805 (2012 Metric), square (rectangular) end terminal, IPC_7351 nominal, (Body size source: https://docs.google.com/spreadsheets/d/1BsfQQcO9C6DZCsRaXUlFlo91Tg2WpOkGARC1WS5S8t0/edit?usp=sharing), generated with kicad-footprint-generator")
    (tags capacitor)
    (path /5E3428DD)
    (attr smd)
    (fp_text reference C106 (at 0 -1.65) (layer F.SilkS)
      (effects (font (size 1 1) (thickness 0.15)))
    )
    (fp_text value 0.1u (at 0 1.65) (layer F.Fab)
      (effects (font (size 1 1) (thickness 0.15)))
    )
    (fp_text user %R (at 0 0) (layer F.Fab)
      (effects (font (size 0.5 0.5) (thickness 0.08)))
    )
    (fp_line (start -1 0.6) (end -1 -0.6) (layer F.Fab) (width 0.1))
    (fp_line (start -1 -0.6) (end 1 -0.6) (layer F.Fab) (width 0.1))
    (fp_line (start 1 -0.6) (end 1 0.6) (layer F.Fab) (width 0.1))
    (fp_line (start 1 0.6) (end -1 0.6) (layer F.Fab) (width 0.1))
    (fp_line (start -0.258578 -0.71) (end 0.258578 -0.71) (layer F.SilkS) (width 0.12))
    (fp_line (start -0.258578 0.71) (end 0.258578 0.71) (layer F.SilkS) (width 0.12))
    (fp_line (start -1.68 0.95) (end -1.68 -0.95) (layer F.CrtYd) (width 0.05))
    (fp_line (start -1.68 -0.95) (end 1.68 -0.95) (layer F.CrtYd) (width 0.05))
    (fp_line (start 1.68 -0.95) (end 1.68 0.95) (layer F.CrtYd) (width 0.05))
    (fp_line (start 1.68 0.95) (end -1.68 0.95) (layer F.CrtYd) (width 0.05))
    (pad 2 smd roundrect (at 0.9375 0) (size 0.975 1.4) (layers F.Cu F.Paste F.Mask) (roundrect_rratio 0.25)
      (net 2 GND))
    (pad 1 smd roundrect (at -0.9375 0) (size 0.975 1.4) (layers F.Cu F.Paste F.Mask) (roundrect_rratio 0.25)
      (net 7 "Net-(C106-Pad1)"))
    (model ${KISYS3DMOD}/Capacitor_SMD.3dshapes/C_0805_2012Metric.wrl
      (at (xyz 0 0 0))
      (scale (xyz 1 1 1))
      (rotate (xyz 0 0 0))
    )
  )

  (module Capacitor_SMD:C_0805_2012Metric (layer F.Cu) (tedit 5B36C52B) (tstamp 5F1BE88B)
    (at 183.705001 90.665001)
    (descr "Capacitor SMD 0805 (2012 Metric), square (rectangular) end terminal, IPC_7351 nominal, (Body size source: https://docs.google.com/spreadsheets/d/1BsfQQcO9C6DZCsRaXUlFlo91Tg2WpOkGARC1WS5S8t0/edit?usp=sharing), generated with kicad-footprint-generator")
    (tags capacitor)
    (path /5DA647DB)
    (attr smd)
    (fp_text reference C107 (at 0 -1.65) (layer F.SilkS)
      (effects (font (size 1 1) (thickness 0.15)))
    )
    (fp_text value 0.1u (at 0 1.65) (layer F.Fab)
      (effects (font (size 1 1) (thickness 0.15)))
    )
    (fp_line (start 1.68 0.95) (end -1.68 0.95) (layer F.CrtYd) (width 0.05))
    (fp_line (start 1.68 -0.95) (end 1.68 0.95) (layer F.CrtYd) (width 0.05))
    (fp_line (start -1.68 -0.95) (end 1.68 -0.95) (layer F.CrtYd) (width 0.05))
    (fp_line (start -1.68 0.95) (end -1.68 -0.95) (layer F.CrtYd) (width 0.05))
    (fp_line (start -0.258578 0.71) (end 0.258578 0.71) (layer F.SilkS) (width 0.12))
    (fp_line (start -0.258578 -0.71) (end 0.258578 -0.71) (layer F.SilkS) (width 0.12))
    (fp_line (start 1 0.6) (end -1 0.6) (layer F.Fab) (width 0.1))
    (fp_line (start 1 -0.6) (end 1 0.6) (layer F.Fab) (width 0.1))
    (fp_line (start -1 -0.6) (end 1 -0.6) (layer F.Fab) (width 0.1))
    (fp_line (start -1 0.6) (end -1 -0.6) (layer F.Fab) (width 0.1))
    (fp_text user %R (at 0 0) (layer F.Fab)
      (effects (font (size 0.5 0.5) (thickness 0.08)))
    )
    (pad 1 smd roundrect (at -0.9375 0) (size 0.975 1.4) (layers F.Cu F.Paste F.Mask) (roundrect_rratio 0.25)
      (net 8 +3V3))
    (pad 2 smd roundrect (at 0.9375 0) (size 0.975 1.4) (layers F.Cu F.Paste F.Mask) (roundrect_rratio 0.25)
      (net 2 GND))
    (model ${KISYS3DMOD}/Capacitor_SMD.3dshapes/C_0805_2012Metric.wrl
      (at (xyz 0 0 0))
      (scale (xyz 1 1 1))
      (rotate (xyz 0 0 0))
    )
  )

  (module Capacitor_SMD:C_0805_2012Metric (layer F.Cu) (tedit 5B36C52B) (tstamp 5F1BE89C)
    (at 215.735001 58.715001)
    (descr "Capacitor SMD 0805 (2012 Metric), square (rectangular) end terminal, IPC_7351 nominal, (Body size source: https://docs.google.com/spreadsheets/d/1BsfQQcO9C6DZCsRaXUlFlo91Tg2WpOkGARC1WS5S8t0/edit?usp=sharing), generated with kicad-footprint-generator")
    (tags capacitor)
    (path /5DA6480B)
    (attr smd)
    (fp_text reference C108 (at 0 -1.65) (layer F.SilkS)
      (effects (font (size 1 1) (thickness 0.15)))
    )
    (fp_text value 4.7u (at 0 1.65) (layer F.Fab)
      (effects (font (size 1 1) (thickness 0.15)))
    )
    (fp_text user %R (at 0 0) (layer F.Fab)
      (effects (font (size 0.5 0.5) (thickness 0.08)))
    )
    (fp_line (start -1 0.6) (end -1 -0.6) (layer F.Fab) (width 0.1))
    (fp_line (start -1 -0.6) (end 1 -0.6) (layer F.Fab) (width 0.1))
    (fp_line (start 1 -0.6) (end 1 0.6) (layer F.Fab) (width 0.1))
    (fp_line (start 1 0.6) (end -1 0.6) (layer F.Fab) (width 0.1))
    (fp_line (start -0.258578 -0.71) (end 0.258578 -0.71) (layer F.SilkS) (width 0.12))
    (fp_line (start -0.258578 0.71) (end 0.258578 0.71) (layer F.SilkS) (width 0.12))
    (fp_line (start -1.68 0.95) (end -1.68 -0.95) (layer F.CrtYd) (width 0.05))
    (fp_line (start -1.68 -0.95) (end 1.68 -0.95) (layer F.CrtYd) (width 0.05))
    (fp_line (start 1.68 -0.95) (end 1.68 0.95) (layer F.CrtYd) (width 0.05))
    (fp_line (start 1.68 0.95) (end -1.68 0.95) (layer F.CrtYd) (width 0.05))
    (pad 2 smd roundrect (at 0.9375 0) (size 0.975 1.4) (layers F.Cu F.Paste F.Mask) (roundrect_rratio 0.25)
      (net 2 GND))
    (pad 1 smd roundrect (at -0.9375 0) (size 0.975 1.4) (layers F.Cu F.Paste F.Mask) (roundrect_rratio 0.25)
      (net 8 +3V3))
    (model ${KISYS3DMOD}/Capacitor_SMD.3dshapes/C_0805_2012Metric.wrl
      (at (xyz 0 0 0))
      (scale (xyz 1 1 1))
      (rotate (xyz 0 0 0))
    )
  )

  (module Capacitor_SMD:C_0805_2012Metric (layer F.Cu) (tedit 5B36C52B) (tstamp 5F1BE8AD)
    (at 177.505001 96.555001)
    (descr "Capacitor SMD 0805 (2012 Metric), square (rectangular) end terminal, IPC_7351 nominal, (Body size source: https://docs.google.com/spreadsheets/d/1BsfQQcO9C6DZCsRaXUlFlo91Tg2WpOkGARC1WS5S8t0/edit?usp=sharing), generated with kicad-footprint-generator")
    (tags capacitor)
    (path /5DA647E3)
    (attr smd)
    (fp_text reference C109 (at 0 -1.65) (layer F.SilkS)
      (effects (font (size 1 1) (thickness 0.15)))
    )
    (fp_text value 0.1u (at 0 1.65) (layer F.Fab)
      (effects (font (size 1 1) (thickness 0.15)))
    )
    (fp_text user %R (at 0 0) (layer F.Fab)
      (effects (font (size 0.5 0.5) (thickness 0.08)))
    )
    (fp_line (start -1 0.6) (end -1 -0.6) (layer F.Fab) (width 0.1))
    (fp_line (start -1 -0.6) (end 1 -0.6) (layer F.Fab) (width 0.1))
    (fp_line (start 1 -0.6) (end 1 0.6) (layer F.Fab) (width 0.1))
    (fp_line (start 1 0.6) (end -1 0.6) (layer F.Fab) (width 0.1))
    (fp_line (start -0.258578 -0.71) (end 0.258578 -0.71) (layer F.SilkS) (width 0.12))
    (fp_line (start -0.258578 0.71) (end 0.258578 0.71) (layer F.SilkS) (width 0.12))
    (fp_line (start -1.68 0.95) (end -1.68 -0.95) (layer F.CrtYd) (width 0.05))
    (fp_line (start -1.68 -0.95) (end 1.68 -0.95) (layer F.CrtYd) (width 0.05))
    (fp_line (start 1.68 -0.95) (end 1.68 0.95) (layer F.CrtYd) (width 0.05))
    (fp_line (start 1.68 0.95) (end -1.68 0.95) (layer F.CrtYd) (width 0.05))
    (pad 2 smd roundrect (at 0.9375 0) (size 0.975 1.4) (layers F.Cu F.Paste F.Mask) (roundrect_rratio 0.25)
      (net 2 GND))
    (pad 1 smd roundrect (at -0.9375 0) (size 0.975 1.4) (layers F.Cu F.Paste F.Mask) (roundrect_rratio 0.25)
      (net 8 +3V3))
    (model ${KISYS3DMOD}/Capacitor_SMD.3dshapes/C_0805_2012Metric.wrl
      (at (xyz 0 0 0))
      (scale (xyz 1 1 1))
      (rotate (xyz 0 0 0))
    )
  )

  (module Capacitor_SMD:C_0805_2012Metric (layer F.Cu) (tedit 5B36C52B) (tstamp 5F1BE8BE)
    (at 196.415001 76.675001)
    (descr "Capacitor SMD 0805 (2012 Metric), square (rectangular) end terminal, IPC_7351 nominal, (Body size source: https://docs.google.com/spreadsheets/d/1BsfQQcO9C6DZCsRaXUlFlo91Tg2WpOkGARC1WS5S8t0/edit?usp=sharing), generated with kicad-footprint-generator")
    (tags capacitor)
    (path /5DA647EB)
    (attr smd)
    (fp_text reference C110 (at 0 -1.65) (layer F.SilkS)
      (effects (font (size 1 1) (thickness 0.15)))
    )
    (fp_text value 0.1u (at 0 1.65) (layer F.Fab)
      (effects (font (size 1 1) (thickness 0.15)))
    )
    (fp_line (start 1.68 0.95) (end -1.68 0.95) (layer F.CrtYd) (width 0.05))
    (fp_line (start 1.68 -0.95) (end 1.68 0.95) (layer F.CrtYd) (width 0.05))
    (fp_line (start -1.68 -0.95) (end 1.68 -0.95) (layer F.CrtYd) (width 0.05))
    (fp_line (start -1.68 0.95) (end -1.68 -0.95) (layer F.CrtYd) (width 0.05))
    (fp_line (start -0.258578 0.71) (end 0.258578 0.71) (layer F.SilkS) (width 0.12))
    (fp_line (start -0.258578 -0.71) (end 0.258578 -0.71) (layer F.SilkS) (width 0.12))
    (fp_line (start 1 0.6) (end -1 0.6) (layer F.Fab) (width 0.1))
    (fp_line (start 1 -0.6) (end 1 0.6) (layer F.Fab) (width 0.1))
    (fp_line (start -1 -0.6) (end 1 -0.6) (layer F.Fab) (width 0.1))
    (fp_line (start -1 0.6) (end -1 -0.6) (layer F.Fab) (width 0.1))
    (fp_text user %R (at 0 0) (layer F.Fab)
      (effects (font (size 0.5 0.5) (thickness 0.08)))
    )
    (pad 1 smd roundrect (at -0.9375 0) (size 0.975 1.4) (layers F.Cu F.Paste F.Mask) (roundrect_rratio 0.25)
      (net 8 +3V3))
    (pad 2 smd roundrect (at 0.9375 0) (size 0.975 1.4) (layers F.Cu F.Paste F.Mask) (roundrect_rratio 0.25)
      (net 2 GND))
    (model ${KISYS3DMOD}/Capacitor_SMD.3dshapes/C_0805_2012Metric.wrl
      (at (xyz 0 0 0))
      (scale (xyz 1 1 1))
      (rotate (xyz 0 0 0))
    )
  )

  (module Capacitor_SMD:C_0805_2012Metric (layer F.Cu) (tedit 5B36C52B) (tstamp 5F1BE8CF)
    (at 158.675001 115.345001)
    (descr "Capacitor SMD 0805 (2012 Metric), square (rectangular) end terminal, IPC_7351 nominal, (Body size source: https://docs.google.com/spreadsheets/d/1BsfQQcO9C6DZCsRaXUlFlo91Tg2WpOkGARC1WS5S8t0/edit?usp=sharing), generated with kicad-footprint-generator")
    (tags capacitor)
    (path /5DA647F3)
    (attr smd)
    (fp_text reference C111 (at 0 -1.65) (layer F.SilkS)
      (effects (font (size 1 1) (thickness 0.15)))
    )
    (fp_text value 0.1u (at 0 1.65) (layer F.Fab)
      (effects (font (size 1 1) (thickness 0.15)))
    )
    (fp_line (start 1.68 0.95) (end -1.68 0.95) (layer F.CrtYd) (width 0.05))
    (fp_line (start 1.68 -0.95) (end 1.68 0.95) (layer F.CrtYd) (width 0.05))
    (fp_line (start -1.68 -0.95) (end 1.68 -0.95) (layer F.CrtYd) (width 0.05))
    (fp_line (start -1.68 0.95) (end -1.68 -0.95) (layer F.CrtYd) (width 0.05))
    (fp_line (start -0.258578 0.71) (end 0.258578 0.71) (layer F.SilkS) (width 0.12))
    (fp_line (start -0.258578 -0.71) (end 0.258578 -0.71) (layer F.SilkS) (width 0.12))
    (fp_line (start 1 0.6) (end -1 0.6) (layer F.Fab) (width 0.1))
    (fp_line (start 1 -0.6) (end 1 0.6) (layer F.Fab) (width 0.1))
    (fp_line (start -1 -0.6) (end 1 -0.6) (layer F.Fab) (width 0.1))
    (fp_line (start -1 0.6) (end -1 -0.6) (layer F.Fab) (width 0.1))
    (fp_text user %R (at 0 0) (layer F.Fab)
      (effects (font (size 0.5 0.5) (thickness 0.08)))
    )
    (pad 1 smd roundrect (at -0.9375 0) (size 0.975 1.4) (layers F.Cu F.Paste F.Mask) (roundrect_rratio 0.25)
      (net 8 +3V3))
    (pad 2 smd roundrect (at 0.9375 0) (size 0.975 1.4) (layers F.Cu F.Paste F.Mask) (roundrect_rratio 0.25)
      (net 2 GND))
    (model ${KISYS3DMOD}/Capacitor_SMD.3dshapes/C_0805_2012Metric.wrl
      (at (xyz 0 0 0))
      (scale (xyz 1 1 1))
      (rotate (xyz 0 0 0))
    )
  )

  (module Capacitor_SMD:C_0805_2012Metric (layer F.Cu) (tedit 5B36C52B) (tstamp 5F1BE8E0)
    (at 188.555001 87.725001)
    (descr "Capacitor SMD 0805 (2012 Metric), square (rectangular) end terminal, IPC_7351 nominal, (Body size source: https://docs.google.com/spreadsheets/d/1BsfQQcO9C6DZCsRaXUlFlo91Tg2WpOkGARC1WS5S8t0/edit?usp=sharing), generated with kicad-footprint-generator")
    (tags capacitor)
    (path /5DA647FB)
    (attr smd)
    (fp_text reference C112 (at 0 -1.65) (layer F.SilkS)
      (effects (font (size 1 1) (thickness 0.15)))
    )
    (fp_text value 0.1u (at 0 1.65) (layer F.Fab)
      (effects (font (size 1 1) (thickness 0.15)))
    )
    (fp_text user %R (at 0 0) (layer F.Fab)
      (effects (font (size 0.5 0.5) (thickness 0.08)))
    )
    (fp_line (start -1 0.6) (end -1 -0.6) (layer F.Fab) (width 0.1))
    (fp_line (start -1 -0.6) (end 1 -0.6) (layer F.Fab) (width 0.1))
    (fp_line (start 1 -0.6) (end 1 0.6) (layer F.Fab) (width 0.1))
    (fp_line (start 1 0.6) (end -1 0.6) (layer F.Fab) (width 0.1))
    (fp_line (start -0.258578 -0.71) (end 0.258578 -0.71) (layer F.SilkS) (width 0.12))
    (fp_line (start -0.258578 0.71) (end 0.258578 0.71) (layer F.SilkS) (width 0.12))
    (fp_line (start -1.68 0.95) (end -1.68 -0.95) (layer F.CrtYd) (width 0.05))
    (fp_line (start -1.68 -0.95) (end 1.68 -0.95) (layer F.CrtYd) (width 0.05))
    (fp_line (start 1.68 -0.95) (end 1.68 0.95) (layer F.CrtYd) (width 0.05))
    (fp_line (start 1.68 0.95) (end -1.68 0.95) (layer F.CrtYd) (width 0.05))
    (pad 2 smd roundrect (at 0.9375 0) (size 0.975 1.4) (layers F.Cu F.Paste F.Mask) (roundrect_rratio 0.25)
      (net 2 GND))
    (pad 1 smd roundrect (at -0.9375 0) (size 0.975 1.4) (layers F.Cu F.Paste F.Mask) (roundrect_rratio 0.25)
      (net 8 +3V3))
    (model ${KISYS3DMOD}/Capacitor_SMD.3dshapes/C_0805_2012Metric.wrl
      (at (xyz 0 0 0))
      (scale (xyz 1 1 1))
      (rotate (xyz 0 0 0))
    )
  )

  (module Capacitor_SMD:C_0805_2012Metric (layer F.Cu) (tedit 5B36C52B) (tstamp 5F1BE8F1)
    (at 208.075001 70.975001)
    (descr "Capacitor SMD 0805 (2012 Metric), square (rectangular) end terminal, IPC_7351 nominal, (Body size source: https://docs.google.com/spreadsheets/d/1BsfQQcO9C6DZCsRaXUlFlo91Tg2WpOkGARC1WS5S8t0/edit?usp=sharing), generated with kicad-footprint-generator")
    (tags capacitor)
    (path /5E3428EB)
    (attr smd)
    (fp_text reference C113 (at 0 -1.65) (layer F.SilkS)
      (effects (font (size 1 1) (thickness 0.15)))
    )
    (fp_text value 10p (at 0 1.65) (layer F.Fab)
      (effects (font (size 1 1) (thickness 0.15)))
    )
    (fp_text user %R (at 0 0) (layer F.Fab)
      (effects (font (size 0.5 0.5) (thickness 0.08)))
    )
    (fp_line (start -1 0.6) (end -1 -0.6) (layer F.Fab) (width 0.1))
    (fp_line (start -1 -0.6) (end 1 -0.6) (layer F.Fab) (width 0.1))
    (fp_line (start 1 -0.6) (end 1 0.6) (layer F.Fab) (width 0.1))
    (fp_line (start 1 0.6) (end -1 0.6) (layer F.Fab) (width 0.1))
    (fp_line (start -0.258578 -0.71) (end 0.258578 -0.71) (layer F.SilkS) (width 0.12))
    (fp_line (start -0.258578 0.71) (end 0.258578 0.71) (layer F.SilkS) (width 0.12))
    (fp_line (start -1.68 0.95) (end -1.68 -0.95) (layer F.CrtYd) (width 0.05))
    (fp_line (start -1.68 -0.95) (end 1.68 -0.95) (layer F.CrtYd) (width 0.05))
    (fp_line (start 1.68 -0.95) (end 1.68 0.95) (layer F.CrtYd) (width 0.05))
    (fp_line (start 1.68 0.95) (end -1.68 0.95) (layer F.CrtYd) (width 0.05))
    (pad 2 smd roundrect (at 0.9375 0) (size 0.975 1.4) (layers F.Cu F.Paste F.Mask) (roundrect_rratio 0.25)
      (net 2 GND))
    (pad 1 smd roundrect (at -0.9375 0) (size 0.975 1.4) (layers F.Cu F.Paste F.Mask) (roundrect_rratio 0.25)
      (net 9 /PC15-OSC32_OUT))
    (model ${KISYS3DMOD}/Capacitor_SMD.3dshapes/C_0805_2012Metric.wrl
      (at (xyz 0 0 0))
      (scale (xyz 1 1 1))
      (rotate (xyz 0 0 0))
    )
  )

  (module Capacitor_SMD:C_0805_2012Metric (layer F.Cu) (tedit 5B36C52B) (tstamp 5F1BE902)
    (at 192.965001 87.725001)
